0.000000000000000000e+00 0.000000000000000000e+00
1.000000000000000000e+00 0.000000000000000000e+00
2.000000000000000000e+00 2.681539626792073250e-03
3.000000000000000000e+00 1.680617337115108967e-02
4.000000000000000000e+00 6.395633448846638203e-02
5.000000000000000000e+00 1.696764008374884725e-01
6.000000000000000000e+00 3.553112560184672475e-01
7.000000000000000000e+00 5.433694290695711970e-01
8.000000000000000000e+00 6.571487133624032140e-01
9.000000000000000000e+00 7.142922841012477875e-01
1.000000000000000000e+01 7.305304752662777901e-01
1.100000000000000000e+01 7.143787095556035638e-01
1.200000000000000000e+01 6.040174864465370774e-01
1.300000000000000000e+01 5.174397575901821256e-01
1.400000000000000000e+01 4.143857581075280905e-01
1.500000000000000000e+01 2.953757281647995114e-01
1.600000000000000000e+01 1.630918839946389198e-01
1.700000000000000000e+01 1.670385850593447685e-02
1.800000000000000000e+01 -1.412955581909045577e-01
1.900000000000000000e+01 -3.107510270783677697e-01
2.000000000000000000e+01 -4.918947959085926414e-01
2.100000000000000000e+01 -6.840140535496175289e-01
2.200000000000000000e+01 -8.859630847582593560e-01
2.300000000000000000e+01 -1.098044933285564184e+00
2.400000000000000000e+01 -1.312149593024514616e+00
2.500000000000000000e+01 -1.468918742612004280e+00
2.600000000000000000e+01 -1.485492342733778059e+00
2.700000000000000000e+01 -1.352095263195224106e+00
2.800000000000000000e+01 -1.146371575072407722e+00
2.900000000000000000e+01 -9.329946562647819519e-01
