0.000000000000000000e+00 1.250000000000000000e+00
3.480812300000000331e-02 6.000000005587935448e-02
6.961624600000000662e-02 0.000000000000000000e+00
1.044243700000000025e-01 1.459999999962747097e+00
1.392324899999999865e-01 3.569999999948777258e+00
1.740406200000000070e-01 4.609999999986030161e+00
2.088487499999999997e-01 5.410000000032596290e+00
2.436568799999999924e-01 6.250000000000000000e+00
2.784650100000000128e-01 6.560000000055879354e+00
3.132731400000000055e-01 6.689999999944120646e+00
3.480812799999999929e-01 6.770000000018626451e+00
3.828894099999999856e-01 6.800000000046566129e+00
4.171727700000000261e-01 6.760000000009313226e+00
4.514561400000000058e-01 6.660000000032596290e+00
4.857395299999999749e-01 6.180000000051222742e+00
5.200229600000000341e-01 5.869999999995343387e+00
5.543064399999999559e-01 5.739999999990686774e+00
5.885899700000000179e-01 4.969999999972060323e+00
6.228735600000000483e-01 3.949999999953433871e+00
6.571572399999999758e-01 3.000000000000000000e+00
6.914410300000000120e-01 1.969999999972060323e+00
7.257249300000000458e-01 -1.400000000139698386e-01
7.600089700000000059e-01 -3.339999999967403710e+00
7.942931199999999636e-01 -6.400000000023283064e+00
8.285774700000000381e-01 -8.849999999976716936e+00
8.628618999999999595e-01 -1.050000000000000000e+01
8.971464799999999684e-01 -1.068999999994412065e+01
9.314309800000000195e-01 -7.969999999972060323e+00
9.657155200000000494e-01 -4.050000000046566129e+00
1.000000000000000000e+00 1.199999999953433871e-01
