0.000000000000000000e+00 0.000000000000000000e+00
8.055742600000000142e-02 3.400000000838190317e-01
1.611148500000000039e-01 5.800000000745058060e-01
2.659755100000000261e-01 2.400000001071020961e-01
3.708361700000000205e-01 -6.199999999953433871e-01
4.756968300000000149e-01 -1.829999999958090484e+00
5.805574700000000199e-01 -3.289999999920837581e+00
6.854181099999999693e-01 -4.739999999990686774e+00
7.902787500000000298e-01 -5.379999999888241291e+00
8.951393699999999898e-01 -4.659999999916180968e+00
1.000000000000000000e+00 -3.099999999976716936e+00
