-1.571945784583023489e-05
5.026811336610896228e-04
1.095197011911370122e-03
1.749142117724466865e-03
2.455170314318499188e-03
3.206613051576419435e-03
3.998900356929194211e-03
4.829059104844733719e-03
5.695282712187582641e-03
6.596566601990414870e-03
7.532403973454872281e-03
8.502536611275193432e-03
9.506755662654535824e-03
1.054474750565989431e-02
1.161598002783806316e-02
1.271962482929075121e-02
1.385451105968382897e-02
1.501910679394131455e-02
1.621152404665139601e-02
1.742954372048747050e-02
1.867065697922422676e-02
1.993211973120377623e-02
2.121101710438432278e-02
2.250433498937931542e-02
2.380903592217148076e-02
2.512213677346196786e-02
2.644078590689183383e-02
2.776233766364894981e-02
2.908442222624878226e-02
3.040500910955494171e-02
3.172246272238127968e-02
3.303558863829380438e-02
3.434366940950393104e-02
3.564648895302789666e-02
3.694434473355304865e-02
3.823804716274042947e-02
3.952890582995497587e-02
4.081870237470625745e-02
4.210965000634180055e-02
4.340433987183466708e-02
4.470567466774872517e-02
4.601679008778408742e-02
4.734096489254032564e-02
4.868152058344066974e-02
5.004171185802314820e-02
5.142460921907925087e-02
5.283297530540976422e-02
5.426913670722461475e-02
5.573485322450944662e-02
5.723118672194327239e-02
5.875837192923419328e-02
6.031569173101530151e-02
6.190135968572208630e-02
6.351241270813409723e-02
6.514461704557573951e-02
6.679239087298827204e-02
6.844874702743923567e-02
7.010525959782001881e-02
7.175205828085212678e-02
7.337785460972018337e-02
7.497000435698719656e-02
7.651461060867160990e-02
7.799667220167269543e-02
7.940028241202991277e-02
8.070888297669227829e-02
8.190557872686986263e-02
8.297351830619850710e-02
8.389634664231671035e-02
8.465873503567793168e-02
8.524699492468652828e-02
8.564978158164109068e-02
8.585889418898726144e-02
8.587017894102622062e-02
8.568454201107165991e-02
8.530907941979397335e-02
8.475833103531357771e-02
8.405566613118467534e-02
8.323480812361715164e-02
8.234150630447698016e-02
8.143536258199270128e-02
