-9.994809751114663854e-03
3.878457931016469074e-01
9.422680933963862859e-01
1.587443922843713606e+00
2.258843513917977219e+00
2.904024300893373045e+00
3.487825839815349660e+00
3.992908069235522106e+00
4.417079412069170097e+00
4.768902544065902305e+00
5.062844646976773610e+00
5.314899442391573636e+00
5.539245876295004756e+00
5.746181802294906937e+00
5.941311857602414648e+00
6.125788808785447515e+00
6.297305484569874601e+00
6.451500129179331466e+00
6.583457142060654022e+00
6.689041548803256632e+00
6.765883354968932117e+00
6.813913097947438047e+00
6.835430946650397743e+00
6.834760127158483023e+00
6.817585857854596476e+00
6.790110840463269071e+00
6.758167668672672157e+00
6.726419338588519814e+00
6.697754916842849404e+00
6.672952885188177419e+00
6.650644645657738607e+00
6.627570047158751976e+00
6.599079997301791956e+00
6.559811909582292877e+00
6.504444458791270200e+00
6.428430471875768326e+00
6.328610873712643858e+00
6.203627799051152358e+00
6.054079145980105991e+00
5.882387653424656193e+00
5.692391427989133668e+00
5.488696545544776484e+00
5.275862288066144323e+00
5.057512545253033842e+00
4.835480305548147228e+00
4.609094734008954752e+00
4.374710314893016871e+00
4.125556702963313782e+00
3.851956346667576803e+00
3.541919114919342526e+00
3.182080222985435025e+00
2.758907360150657961e+00
2.260065481834931056e+00
1.675803123995156074e+00
1.000211296899581326e+00
2.322118267546451342e-01
-6.238438457447890162e-01
-1.558040540350708936e+00
-2.555248555274346245e+00
-3.595904185202148717e+00
-4.657101222472634916e+00
-5.713811456383756315e+00
-6.740013588520087140e+00
-7.709505855720657941e+00
-8.596226264992214539e+00
-9.374000117590316705e+00
-1.001580828862600647e+01
-1.049287821179246016e+01
-1.077415077087948347e+01
-1.082690137588076773e+01
-1.061942282919217106e+01
-1.012660948778496994e+01
-9.338760423670482425e+00
-8.272865511759702528e+00
-6.983511003299438080e+00
-5.567088281715973253e+00
-4.147561055543274477e+00
-2.823902101932051600e+00
-1.547616374889727586e+00
1.176116286302015812e-01
