0.000000000000000000e+00
1.177215189873417889e-02
2.354430379746835778e-02
3.531645569620253666e-02
4.708860759493671555e-02
5.886075949367089444e-02
7.063291139240507333e-02
8.240506329113922446e-02
9.417721518987343110e-02
1.059493670886075822e-01
1.177215189873417889e-01
1.294936708860759400e-01
1.412658227848101189e-01
1.530379746835442978e-01
1.648101265822784767e-01
1.765822784810126556e-01
1.883544303797468067e-01
2.001265822784810133e-01
2.118987341772152200e-01
2.236708860759493711e-01
2.354430379746835222e-01
2.472151898734177289e-01
2.589873417721518800e-01
2.707594936708860867e-01
2.825316455696202378e-01
2.943037974683544444e-01
3.060759493670885956e-01
3.178481012658228022e-01
3.296202531645569533e-01
3.413924050632911600e-01
3.531645569620253111e-01
3.649367088607595178e-01
3.767088607594936689e-01
3.884810126582278200e-01
4.002531645569620267e-01
4.120253164556961778e-01
4.237974683544303844e-01
4.355696202531645356e-01
4.473417721518986867e-01
4.591139240506328378e-01
4.708860759493671000e-01
4.826582278481012511e-01
4.944303797468355133e-01
5.062025316455696089e-01
5.179746835443037600e-01
5.297468354430379112e-01
5.415189873417720623e-01
5.532911392405062134e-01
5.650632911392403646e-01
5.768354430379745157e-01
5.886075949367088889e-01
6.003797468354430400e-01
6.121518987341771911e-01
6.239240506329113423e-01
6.356962025316454934e-01
6.474683544303796445e-01
6.592405063291137957e-01
6.710126582278479468e-01
6.827848101265823200e-01
6.945569620253164711e-01
7.063291139240506222e-01
7.181012658227847734e-01
7.298734177215189245e-01
7.416455696202530756e-01
7.534177215189872268e-01
7.651898734177213779e-01
7.769620253164555290e-01
7.887341772151899022e-01
8.005063291139240533e-01
8.122784810126582045e-01
8.240506329113923556e-01
8.358227848101265067e-01
8.475949367088606579e-01
8.593670886075948090e-01
8.711392405063289601e-01
8.829113924050633333e-01
8.946835443037974844e-01
9.064556962025316356e-01
9.182278481012657867e-01
9.299999999999999378e-01
