8.943776258731174305e-05
-4.184433773008992147e-05
-1.647853933505808691e-04
-2.804173979887313083e-04
-3.896860306675736059e-04
-4.934552285246902306e-04
-5.925116449062748595e-04
-6.875689927491659146e-04
-7.792722732508539259e-04
-8.682018898274610407e-04
-9.548776473596941967e-04
-1.039762636726770332e-03
-1.123267004628316018e-03
-1.205751608694238591e-03
-1.287531557882570831e-03
-1.368879638165289856e-03
-1.450029623502105663e-03
-1.531179472102227020e-03
-1.612494407974097337e-03
-1.694109887763103547e-03
-1.776134452877259308e-03
-1.858652466900861857e-03
-1.941726738296118641e-03
-2.025401028392747813e-03
-2.109702444665558473e-03
-2.194643719299990258e-03
-2.280225373045641126e-03
-2.366437764357754922e-03
-2.453263023826692587e-03
-2.540676873895367487e-03
-2.628650333864661782e-03
-2.717151310186808211e-03
-2.806146072046749457e-03
-2.895600612231472894e-03
-2.985481893287309906e-03
-3.075758978965214500e-03
-3.166404050954017748e-03
-3.257393310901642892e-03
-3.348707767724309718e-03
-3.440333910203702619e-03
-3.532264264872102787e-03
-3.624497839185518780e-03
-3.717040449984762140e-03
-3.809904937244517481e-03
-3.903111263110369770e-03
-3.996686496223813070e-03
-4.090664681335235559e-03
-4.185086594204864320e-03
-4.279999381791697692e-03
-4.375456087730399991e-03
-4.471515063096184218e-03
-4.568239262457632864e-03
-4.665695425217547022e-03
-4.763953142241711056e-03
-4.863083807775672555e-03
-4.963159456649473417e-03
-5.064251486770354575e-03
-5.166429266903452625e-03
-5.269758629740440604e-03
-5.374300250256164140e-03
-5.480107909353245169e-03
-5.587226642794649797e-03
-5.695690775424244560e-03
-5.805521840675312469e-03
-5.916726385367043588e-03
-6.029293659788994078e-03
-6.143193193073567468e-03
-6.258372253856355968e-03
-6.374753196224616780e-03
-6.492230690953518235e-03
-6.610668842030587716e-03
-6.729898188467931149e-03
-6.849712591402553653e-03
-6.969866006484585347e-03
-7.090069141553527639e-03
-7.209985999602451512e-03
-7.329230307030123494e-03
-7.447361827181186826e-03
-7.563882559174279867e-03
-7.678232822018135097e-03
