1.102163027487956110e-02
-2.537320640266115326e-03
-1.316357930807068866e-02
-1.957209360731372930e-02
-2.088296182159276454e-02
-1.656395980453265193e-02
-6.377945523452960980e-03
9.665100927566821348e-03
3.135163828250446538e-02
5.830395699159535844e-02
9.001562953663674871e-02
1.258832381953368940e-01
1.652345948048706825e-01
2.073536616030233204e-01
2.515023767535241039e-01
2.969395826903915570e-01
3.429372499443339994e-01
3.887941836424662068e-01
4.338473944008264249e-01
4.774813098573971182e-01
5.191349976215511308e-01
5.583075649440693011e-01
5.945618949400897080e-01
6.275268737255820239e-01
6.568982573561344962e-01
6.824383219850943538e-01
7.039744351863032046e-01
7.213966809148865122e-01
7.346546651077838774e-01
7.437536234539328106e-01
7.487499473922243354e-01
7.497462389235817204e-01
7.468859993517245055e-01
7.403480515954159458e-01
7.303407902431636733e-01
7.170963480496794773e-01
7.008647621014405527e-01
6.819082174071016134e-01
6.604954401966284250e-01
6.368963077412327367e-01
6.113767360344628532e-01
5.841939012029843115e-01
5.555918450438525058e-01
5.257975096132069259e-01
4.950172403196535509e-01
4.634337915037276545e-01
4.312038630131250216e-01
3.984561908115324402e-01
3.652902091871361168e-01
3.317752966552455773e-01
2.979506121773399796e-01
2.638255228474136183e-01
2.293806187248512152e-01
1.945693050203547991e-01
1.593199563710322453e-01
1.235386124679967723e-01
8.711218882810461972e-02
4.991217103043431302e-02
1.179875526514798101e-02
-2.737460742815592263e-02
-6.775631132813822455e-02
-1.094913941723787143e-01
-1.527160923106341273e-01
-1.975522173794102554e-01
-2.441014244825804314e-01
-2.924394473301484276e-01
-3.426103812628183976e-01
-3.946211005585457121e-01
-4.484359018917259410e-01
-5.039714712860262624e-01
-5.610922773732344160e-01
-6.196064992439833663e-01
-6.792626026470978129e-01
-7.397466837636150760e-01
-8.006807052588115203e-01
-8.616217547832119017e-01
-9.220624615651382694e-01
-9.814327122095728440e-01
-1.039102812296380796e+00
-1.094388245828656014e+00
