0.000000000000000000e+00
1.012658227848101285e-02
2.025316455696202569e-02
3.037974683544304028e-02
4.050632911392405139e-02
5.063291139240506250e-02
6.075949367088608055e-02
7.088607594936709166e-02
8.101265822784810278e-02
9.113924050632911389e-02
1.012658227848101250e-01
1.113924050632911361e-01
1.215189873417721611e-01
1.316455696202531722e-01
1.417721518987341833e-01
1.518987341772151944e-01
1.620253164556962056e-01
1.721518987341772167e-01
1.822784810126582278e-01
1.924050632911392389e-01
2.025316455696202500e-01
2.126582278481012611e-01
2.227848101265822722e-01
2.329113924050632833e-01
2.430379746835443222e-01
2.531645569620253333e-01
2.632911392405063444e-01
2.734177215189873555e-01
2.835443037974683667e-01
2.936708860759493778e-01
3.037974683544303889e-01
3.139240506329114000e-01
3.240506329113924111e-01
3.341772151898734222e-01
3.443037974683544333e-01
3.544303797468354444e-01
3.645569620253164556e-01
3.746835443037974667e-01
3.848101265822784778e-01
3.949367088607594889e-01
4.050632911392405000e-01
4.151898734177215111e-01
4.253164556962025222e-01
4.354430379746835333e-01
4.455696202531645445e-01
4.556962025316455556e-01
4.658227848101265667e-01
4.759493670886075778e-01
4.860759493670886444e-01
4.962025316455696555e-01
5.063291139240506666e-01
5.164556962025316222e-01
5.265822784810126889e-01
5.367088607594936445e-01
5.468354430379747111e-01
5.569620253164556667e-01
5.670886075949367333e-01
5.772151898734176889e-01
5.873417721518987555e-01
5.974683544303797111e-01
6.075949367088607778e-01
6.177215189873417334e-01
6.278481012658228000e-01
6.379746835443037556e-01
6.481012658227848222e-01
6.582278481012658888e-01
6.683544303797468444e-01
6.784810126582279111e-01
6.886075949367088667e-01
6.987341772151899333e-01
7.088607594936708889e-01
7.189873417721519555e-01
7.291139240506329111e-01
7.392405063291139777e-01
7.493670886075949333e-01
7.594936708860760000e-01
7.696202531645569556e-01
7.797468354430380222e-01
7.898734177215189778e-01
8.000000000000000444e-01
