1.000000000000000000e+01 -6.470574799999999814e+05
2.000000000000000000e+01 -6.471322099999999627e+05
3.000000000000000000e+01 -6.471892800000000279e+05
4.000000000000000000e+01 -6.472315300000000279e+05
5.000000000000000000e+01 -6.472569799999999814e+05
6.000000000000000000e+01 -6.472746400000000140e+05
7.000000000000000000e+01 -6.472890300000000279e+05
8.000000000000000000e+01 -6.473019599999999627e+05
9.000000000000000000e+01 -6.473142099999999627e+05
1.000000000000000000e+02 -6.473262199999999721e+05
1.100000000000000000e+02 -6.473377600000000093e+05
1.200000000000000000e+02 -6.473491500000000233e+05
1.300000000000000000e+02 -6.473604100000000326e+05
1.400000000000000000e+02 -6.473715799999999581e+05
1.500000000000000000e+02 -6.473826800000000512e+05
1.600000000000000000e+02 -6.473937399999999907e+05
1.700000000000000000e+02 -6.474048399999999674e+05
1.800000000000000000e+02 -6.474154399999999441e+05
1.900000000000000000e+02 -6.474246300000000047e+05
2.000000000000000000e+02 -6.474319200000000419e+05
2.100000000000000000e+02 -6.474391400000000140e+05
2.200000000000000000e+02 -6.474465400000000373e+05
2.300000000000000000e+02 -6.474529899999999907e+05
2.400000000000000000e+02 -6.474594799999999814e+05
2.500000000000000000e+02 -6.474656099999999860e+05
2.600000000000000000e+02 -6.474716500000000233e+05
2.700000000000000000e+02 -6.474773800000000047e+05
2.800000000000000000e+02 -6.474831199999999953e+05
2.900000000000000000e+02 -6.474886800000000512e+05
3.000000000000000000e+02 -6.474942900000000373e+05
3.100000000000000000e+02 -6.474998499999999767e+05
3.200000000000000000e+02 -6.475056099999999860e+05
3.300000000000000000e+02 -6.475114699999999721e+05
3.400000000000000000e+02 -6.475176500000000233e+05
3.500000000000000000e+02 -6.475238399999999674e+05
3.600000000000000000e+02 -6.475301500000000233e+05
3.700000000000000000e+02 -6.475362600000000093e+05
3.800000000000000000e+02 -6.475423599999999860e+05
3.900000000000000000e+02 -6.475482500000000000e+05
4.000000000000000000e+02 -6.475541400000000140e+05
