-9.778118543680284107e-16
-9.203657045189626851e-02
-1.961194945527634514e-01
-2.811392568482085075e-01
-3.342399784473941704e-01
-3.715888414150060881e-01
-4.026620160127360459e-01
-4.311329701519650004e-01
-4.587010765464489825e-01
-4.862559299094194598e-01
-5.131643426553287313e-01
-5.403341451038008447e-01
-5.678578412564777578e-01
-5.958356759579755968e-01
-6.242995577277428154e-01
-6.533153246735717845e-01
-6.830850710055955677e-01
-7.121048028806354901e-01
-7.376873705521478364e-01
-7.581342966049291476e-01
-7.784833754853409671e-01
-7.994455419056915035e-01
-8.176169988309082148e-01
-8.358891705115590876e-01
-8.528911040714332037e-01
-8.694458859417913965e-01
-8.847773483843150988e-01
-8.998277165565394808e-01
-9.139118904909248053e-01
-9.275599605694220262e-01
-9.404067398134631217e-01
-9.528785294243926618e-01
-9.645850693734914216e-01
-9.760016246085991831e-01
-9.866899674707613199e-01
-9.970701141495951214e-01
-1.006725736196915078e+00
-1.016210398961717720e+00
-1.025132348507724833e+00
-1.033677931732889466e+00
