2.500000000000000000e+00
2.505010020040080221e+00
2.510020040080160442e+00
2.515030060120240663e+00
2.520040080160320439e+00
2.525050100200400660e+00
2.530060120240480881e+00
2.535070140280561102e+00
2.540080160320641323e+00
2.545090180360721543e+00
2.550100200400801764e+00
2.555110220440881541e+00
2.560120240480961762e+00
2.565130260521041983e+00
2.570140280561122204e+00
2.575150300601202424e+00
2.580160320641282645e+00
2.585170340681362866e+00
2.590180360721443087e+00
2.595190380761522864e+00
2.600200400801603084e+00
2.605210420841683305e+00
2.610220440881763526e+00
2.615230460921843747e+00
2.620240480961923968e+00
2.625250501002004189e+00
2.630260521042083965e+00
2.635270541082164186e+00
2.640280561122244407e+00
2.645290581162324628e+00
2.650300601202404849e+00
2.655310621242485070e+00
2.660320641282565290e+00
2.665330661322645511e+00
2.670340681362725288e+00
2.675350701402805509e+00
2.680360721442885730e+00
2.685370741482965951e+00
2.690380761523046171e+00
2.695390781563126392e+00
2.700400801603206169e+00
2.705410821643286390e+00
2.710420841683366611e+00
2.715430861723446831e+00
2.720440881763527052e+00
2.725450901803607273e+00
2.730460921843687494e+00
2.735470941883767715e+00
2.740480961923847492e+00
2.745490981963927712e+00
2.750501002004007933e+00
2.755511022044088154e+00
2.760521042084168375e+00
2.765531062124248596e+00
2.770541082164328817e+00
2.775551102204408593e+00
2.780561122244488814e+00
2.785571142284569035e+00
2.790581162324649256e+00
2.795591182364729477e+00
2.800601202404809698e+00
2.805611222444889918e+00
2.810621242484970139e+00
2.815631262525049916e+00
2.820641282565130137e+00
2.825651302605210358e+00
2.830661322645290578e+00
2.835671342685370799e+00
2.840681362725451020e+00
2.845691382765531241e+00
2.850701402805611018e+00
2.855711422845691239e+00
2.860721442885771459e+00
2.865731462925851680e+00
2.870741482965931901e+00
2.875751503006012122e+00
2.880761523046092343e+00
2.885771543086172564e+00
2.890781563126252340e+00
2.895791583166332561e+00
2.900801603206412782e+00
2.905811623246493003e+00
2.910821643286573224e+00
2.915831663326653445e+00
2.920841683366733221e+00
2.925851703406813442e+00
2.930861723446893663e+00
2.935871743486973884e+00
2.940881763527054105e+00
2.945891783567134325e+00
2.950901803607214546e+00
2.955911823647294767e+00
2.960921843687374544e+00
2.965931863727454765e+00
2.970941883767534986e+00
2.975951903807615206e+00
2.980961923847695427e+00
2.985971943887775648e+00
2.990981963927855869e+00
2.995991983967935646e+00
3.001002004008015867e+00
3.006012024048096087e+00
3.011022044088176308e+00
3.016032064128256529e+00
3.021042084168336750e+00
3.026052104208416971e+00
3.031062124248497192e+00
3.036072144288576968e+00
3.041082164328657189e+00
3.046092184368737410e+00
3.051102204408817631e+00
3.056112224448897852e+00
3.061122244488978072e+00
3.066132264529057849e+00
3.071142284569138070e+00
3.076152304609218291e+00
3.081162324649298512e+00
3.086172344689378733e+00
3.091182364729458953e+00
3.096192384769539174e+00
3.101202404809619395e+00
3.106212424849699616e+00
3.111222444889779393e+00
3.116232464929859614e+00
3.121242484969939834e+00
3.126252505010020055e+00
3.131262525050100276e+00
3.136272545090180497e+00
3.141282565130260274e+00
3.146292585170340494e+00
3.151302605210420715e+00
3.156312625250500936e+00
3.161322645290581157e+00
3.166332665330661378e+00
3.171342685370741599e+00
3.176352705410821819e+00
3.181362725450902040e+00
3.186372745490981817e+00
3.191382765531062038e+00
3.196392785571142259e+00
3.201402805611222480e+00
3.206412825651302700e+00
3.211422845691382477e+00
3.216432865731462698e+00
3.221442885771542919e+00
3.226452905811623140e+00
3.231462925851703361e+00
3.236472945891783581e+00
3.241482965931863802e+00
3.246492985971944023e+00
3.251503006012024244e+00
3.256513026052104021e+00
3.261523046092184241e+00
3.266533066132264462e+00
3.271543086172344683e+00
3.276553106212424904e+00
3.281563126252505125e+00
3.286573146292584902e+00
3.291583166332665122e+00
3.296593186372745343e+00
3.301603206412825564e+00
3.306613226452905785e+00
3.311623246492986006e+00
3.316633266533066227e+00
3.321643286573146447e+00
3.326653306613226668e+00
3.331663326653306445e+00
3.336673346693386666e+00
3.341683366733466887e+00
3.346693386773547108e+00
3.351703406813627328e+00
3.356713426853707105e+00
3.361723446893787326e+00
3.366733466933867547e+00
3.371743486973947768e+00
3.376753507014027988e+00
3.381763527054108209e+00
3.386773547094188430e+00
3.391783567134268651e+00
3.396793587174348872e+00
3.401803607214429093e+00
3.406813627254508869e+00
3.411823647294589090e+00
3.416833667334669311e+00
3.421843687374749532e+00
3.426853707414829753e+00
3.431863727454909530e+00
3.436873747494989750e+00
3.441883767535069971e+00
3.446893787575150192e+00
3.451903807615230413e+00
3.456913827655310634e+00
3.461923847695390855e+00
3.466933867735471075e+00
3.471943887775551296e+00
3.476953907815631073e+00
3.481963927855711294e+00
3.486973947895791515e+00
3.491983967935871735e+00
3.496993987975951956e+00
3.502004008016031733e+00
3.507014028056111954e+00
3.512024048096192175e+00
3.517034068136272396e+00
3.522044088176352616e+00
3.527054108216432837e+00
3.532064128256513058e+00
3.537074148296593279e+00
3.542084168336673500e+00
3.547094188376753721e+00
3.552104208416833941e+00
3.557114228456913718e+00
3.562124248496993939e+00
3.567134268537074160e+00
3.572144288577153937e+00
3.577154308617234157e+00
3.582164328657314378e+00
3.587174348697394599e+00
3.592184368737474820e+00
3.597194388777555041e+00
3.602204408817635262e+00
3.607214428857715482e+00
3.612224448897795703e+00
3.617234468937875924e+00
3.622244488977956145e+00
3.627254509018035922e+00
3.632264529058116143e+00
3.637274549098196363e+00
3.642284569138276584e+00
3.647294589178356361e+00
3.652304609218436582e+00
3.657314629258516803e+00
3.662324649298597024e+00
3.667334669338677244e+00
3.672344689378757465e+00
3.677354709418837686e+00
3.682364729458917907e+00
3.687374749498998128e+00
3.692384769539078349e+00
3.697394789579158569e+00
3.702404809619238346e+00
3.707414829659318567e+00
3.712424849699398788e+00
3.717434869739479009e+00
3.722444889779558785e+00
3.727454909819639006e+00
3.732464929859719227e+00
3.737474949899799448e+00
3.742484969939879669e+00
3.747494989979959890e+00
3.752505010020040110e+00
3.757515030060120331e+00
3.762525050100200552e+00
3.767535070140280773e+00
3.772545090180360994e+00
3.777555110220440771e+00
3.782565130260520991e+00
3.787575150300601212e+00
3.792585170340680989e+00
3.797595190380761210e+00
3.802605210420841431e+00
3.807615230460921651e+00
3.812625250501001872e+00
3.817635270541082093e+00
3.822645290581162314e+00
3.827655310621242535e+00
3.832665330661322756e+00
3.837675350701402976e+00
3.842685370741483197e+00
3.847695390781562974e+00
3.852705410821643195e+00
3.857715430861723416e+00
3.862725450901803637e+00
3.867735470941883413e+00
3.872745490981963634e+00
3.877755511022043855e+00
3.882765531062124076e+00
3.887775551102204297e+00
3.892785571142284518e+00
3.897795591182364738e+00
3.902805611222444959e+00
3.907815631262525180e+00
3.912825651302605401e+00
3.917835671342685622e+00
3.922845691382765398e+00
3.927855711422845619e+00
3.932865731462925840e+00
3.937875751503006061e+00
3.942885771543085838e+00
3.947895791583166059e+00
3.952905811623246279e+00
3.957915831663326500e+00
3.962925851703406721e+00
3.967935871743486942e+00
3.972945891783567163e+00
3.977955911823647384e+00
3.982965931863727604e+00
3.987975951903807825e+00
3.992985971943888046e+00
3.997995991983967823e+00
4.003006012024048488e+00
4.008016032064128709e+00
4.013026052104208041e+00
4.018036072144288262e+00
4.023046092184368483e+00
4.028056112224448704e+00
4.033066132264528925e+00
4.038076152304609145e+00
4.043086172344689366e+00
4.048096192384769587e+00
4.053106212424849808e+00
4.058116232464930029e+00
4.063126252505010250e+00
4.068136272545089582e+00
4.073146292585169803e+00
4.078156312625250024e+00
4.083166332665330245e+00
4.088176352705410466e+00
4.093186372745490686e+00
4.098196392785570907e+00
4.103206412825651128e+00
4.108216432865731349e+00
4.113226452905811570e+00
4.118236472945891791e+00
4.123246492985972012e+00
4.128256513026052232e+00
4.133266533066132453e+00
4.138276553106212674e+00
4.143286573146292895e+00
4.148296593186373116e+00
4.153306613226453337e+00
4.158316633266532669e+00
4.163326653306612890e+00
4.168336673346693111e+00
4.173346693386773332e+00
4.178356713426853553e+00
4.183366733466933773e+00
4.188376753507013994e+00
4.193386773547094215e+00
4.198396793587174436e+00
4.203406813627254657e+00
4.208416833667334878e+00
4.213426853707414210e+00
4.218436873747494431e+00
4.223446893787574652e+00
4.228456913827654873e+00
4.233466933867735094e+00
4.238476953907815314e+00
4.243486973947895535e+00
4.248496993987975756e+00
4.253507014028055977e+00
4.258517034068136198e+00
4.263527054108216419e+00
4.268537074148296639e+00
4.273547094188376860e+00
4.278557114228457081e+00
4.283567134268537302e+00
4.288577154308617523e+00
4.293587174348697744e+00
4.298597194388777964e+00
4.303607214428858185e+00
4.308617234468937518e+00
4.313627254509017739e+00
4.318637274549097960e+00
4.323647294589178181e+00
4.328657314629258401e+00
4.333667334669338622e+00
4.338677354709418843e+00
4.343687374749499064e+00
4.348697394789579285e+00
4.353707414829659506e+00
4.358717434869739726e+00
4.363727454909819059e+00
4.368737474949899280e+00
4.373747494989979501e+00
4.378757515030059722e+00
4.383767535070139942e+00
4.388777555110220163e+00
4.393787575150300384e+00
4.398797595190380605e+00
4.403807615230460826e+00
4.408817635270541047e+00
4.413827655310621267e+00
4.418837675350701488e+00
4.423847695390781709e+00
4.428857715430861930e+00
4.433867735470942151e+00
4.438877755511022372e+00
4.443887775551102592e+00
4.448897795591182813e+00
4.453907815631262146e+00
4.458917835671342367e+00
4.463927855711422588e+00
4.468937875751502808e+00
4.473947895791583029e+00
4.478957915831663250e+00
4.483967935871743471e+00
4.488977955911823692e+00
4.493987975951903913e+00
4.498997995991984133e+00
4.504008016032063466e+00
4.509018036072143687e+00
4.514028056112223908e+00
4.519038076152304129e+00
4.524048096192384349e+00
4.529058116232464570e+00
4.534068136272544791e+00
4.539078156312625012e+00
4.544088176352705233e+00
4.549098196392785454e+00
4.554108216432865675e+00
4.559118236472945895e+00
4.564128256513026116e+00
4.569138276553106337e+00
4.574148296593186558e+00
4.579158316633266779e+00
4.584168336673347000e+00
4.589178356713427220e+00
4.594188376753507441e+00
4.599198396793587662e+00
4.604208416833667883e+00
4.609218436873747216e+00
4.614228456913827436e+00
4.619238476953907657e+00
4.624248496993987878e+00
4.629258517034068099e+00
4.634268537074148320e+00
4.639278557114228541e+00
4.644288577154307873e+00
4.649298597194388094e+00
4.654308617234468315e+00
4.659318637274548536e+00
4.664328657314628757e+00
4.669338677354708977e+00
4.674348697394789198e+00
4.679358717434869419e+00
4.684368737474949640e+00
4.689378757515029861e+00
4.694388777555110082e+00
4.699398797595190302e+00
4.704408817635270523e+00
4.709418837675350744e+00
4.714428857715430965e+00
4.719438877755511186e+00
4.724448897795591407e+00
4.729458917835671627e+00
4.734468937875751848e+00
4.739478957915832069e+00
4.744488977955912290e+00
4.749498997995992511e+00
4.754509018036071843e+00
4.759519038076152064e+00
4.764529058116232285e+00
4.769539078156312506e+00
4.774549098196392727e+00
4.779559118236472948e+00
4.784569138276553169e+00
4.789579158316633389e+00
4.794589178356712722e+00
4.799599198396792943e+00
4.804609218436873164e+00
4.809619238476953385e+00
4.814629258517033605e+00
4.819639278557113826e+00
4.824649298597194047e+00
4.829659318637274268e+00
4.834669338677354489e+00
4.839679358717434710e+00
4.844689378757514930e+00
4.849699398797595151e+00
4.854709418837675372e+00
4.859719438877755593e+00
4.864729458917835814e+00
4.869739478957916035e+00
4.874749498997996255e+00
4.879759519038076476e+00
4.884769539078156697e+00
4.889779559118236918e+00
4.894789579158317139e+00
4.899799599198397360e+00
4.904809619238476692e+00
4.909819639278556913e+00
4.914829659318637134e+00
4.919839679358717355e+00
4.924849699398797576e+00
4.929859719438877796e+00
4.934869739478958017e+00
4.939879759519037350e+00
4.944889779559117571e+00
4.949899799599197792e+00
4.954909819639278012e+00
4.959919839679358233e+00
4.964929859719438454e+00
4.969939879759518675e+00
4.974949899799598896e+00
4.979959919839679117e+00
4.984969939879759337e+00
4.989979959919839558e+00
4.994989979959919779e+00
5.000000000000000000e+00
