1.000000000000000021e-02 6.234126121845335042e-10
8.432135367763543901e-03 1.965860197063666159e-05
7.289275623320748757e-03 3.488814707800454856e-02
6.419236570724112106e-03 9.763873519107256982e+00
5.734744462475013099e-03 7.780336547401503822e+02
5.182163204830929175e-03 2.538131244239177249e+04
4.726712606513887825e-03 4.289772169477291172e+05
4.344851741282684809e-03 4.405313025548954494e+06
4.020078327646971032e-03 3.073716125650717318e+07
3.740481032738258646e-03 1.579495321314147711e+08
3.497246782013704522e-03 6.345324346032096148e+08
3.283714905337381963e-03 2.084753571669834614e+09
3.094757850578899044e-03 5.799595518108970642e+09
2.926364079052048203e-03 1.403711907366027069e+10
2.775350108143067197e-03 3.020341359564055252e+10
2.639157338295156259e-03 5.878343398787592316e+10
2.515705902740521683e-03 1.049518828023931122e+11
2.403287702933750748e-03 1.738938549518338623e+11
2.300486896487929488e-03 2.699603550352555542e+11
2.206119954820912315e-03 3.958379757124249268e+11
2.119189892630804831e-03 5.519097844270209961e+11
2.038850908399150643e-03 7.359339358384368896e+11
1.964380774042821104e-03 9.430902397427463379e+11
1.895159062239289019e-03 1.166368041900472412e+12
1.830649820467005482e-03 1.397210329096581299e+12
1.770387667108118965e-03 1.626298084747736328e+12
1.713966546200999287e-03 1.844355504999305420e+12
1.661030566054424009e-03 2.042874472535477051e+12
1.611266484699426082e-03 2.214686808962138672e+12
1.564397506853030606e-03 2.354346693407442383e+12
1.520178132894840382e-03 2.458316641202542969e+12
1.478389857424523618e-03 2.524974582011459473e+12
1.438837558294582975e-03 2.554475294770095215e+12
1.401346450178686358e-03 2.548507025242204102e+12
1.365759502321596021e-03 2.509984945348575684e+12
1.331935239999568633e-03 2.442719125794057617e+12
1.299745864778308144e-03 2.351087824313770996e+12
1.269075640909605703e-03 2.239738811941173828e+12
1.239819504919399771e-03 2.113333433753570312e+12
1.211881863182059189e-03 1.976340963707060547e+12
1.185175548482238911e-03 1.832885018339511230e+12
1.159620911567791181e-03 1.686639493716560547e+12
1.135145027749129764e-03 1.540768626029771484e+12
1.111681001898564636e-03 1.397904162655971191e+12
1.089167357900110199e-03 1.260152019675023193e+12
1.067547500815432164e-03 1.129120933221847656e+12
1.046769241858741713e-03 1.005966243557503784e+12
1.026784377786615562e-03 8.914428764315447998e+11
1.007548317566775214e-03 7.859626434088065186e+11
9.890197502396866173e-04 6.896520517181560059e+11
