1.000000000000000021e-02 4.503833408856267489e-14
8.909090909090908172e-03 4.398472139631040572e-12
8.032786885245900982e-03 1.726696331131398494e-10
7.313432835820895053e-03 3.480650855328282502e-09
6.712328767123287680e-03 4.246307128824930948e-08
6.202531645569620174e-03 3.515288657032715879e-07
5.764705882352940888e-03 2.143733002689683425e-06
5.384615384615384394e-03 1.023049736878237332e-05
5.051546391752577067e-03 3.998517554480040024e-05
4.757281553398057770e-03 1.325357639180013160e-04
4.495412844036697150e-03 3.828402423494129043e-04
4.260869565217391582e-03 9.847015147371122445e-04
4.049586776859504661e-03 2.294517112160015040e-03
3.858267716535433711e-03 4.911996276194647952e-03
3.684210526315789391e-03 9.772100915864886245e-03
3.525179856115108305e-03 1.823911648023220089e-02
3.379310344827586143e-03 3.219185151840309178e-02
3.245033112582781671e-03 5.408887808244997736e-02
3.121019108280254604e-03 8.700437180290852834e-02
3.006134969325153714e-03 1.346280552809918374e-01
2.899408284023668320e-03 2.012263847044418186e-01
2.800000000000000405e-03 2.915658348562272240e-01
2.707182320441989167e-03 4.108024302557626850e-01
2.620320855614973604e-03 5.643442066522239564e-01
2.538860103626943386e-03 7.576949099806504773e-01
2.462311557788944821e-03 9.962879421760575394e-01
2.390243902439024345e-03 1.285319446970768276e+00
2.322274881516587629e-03 1.629588660886308160e+00
2.258064516129032473e-03 2.033352428104316711e+00
2.197309417040358998e-03 2.500199282538520418e+00
2.139737991266375469e-03 3.032946903507624192e+00
2.085106382978723586e-03 3.633565187433190680e+00
2.033195020746887943e-03 4.303125745434111415e+00
1.983805668016194387e-03 5.041777399578193375e+00
1.936758893280632636e-03 5.848746242905171755e+00
1.891891891891891867e-03 6.722358060045372952e+00
1.849056603773584695e-03 7.660080368177715648e+00
1.808118081180811907e-03 8.658581011741906863e+00
1.768953068592058007e-03 9.713800100846627927e+00
1.731448763250883517e-03 1.082103209130595545e+01
1.695501730103806054e-03 1.197501493175269793e+01
1.661016949152542338e-03 1.317002341994873227e+01
1.627906976744186111e-03 1.439996418873752937e+01
1.596091205211726304e-03 1.565847005822220162e+01
1.565495207667731833e-03 1.693899182478512699e+01
1.536050156739811844e-03 1.823488589349359756e+01
1.507692307692307760e-03 1.953949648591355626e+01
1.480362537764350452e-03 2.084623146134457983e+01
1.454005934718101065e-03 2.214863106977735541e+01
1.428571428571428570e-03 2.344042920567115118e+01
