1.000000000000000021e-02 1.076975523057986041e-41
8.909090909090908172e-03 9.384580367750080381e-38
8.032786885245900982e-03 1.263849986362496828e-34
7.313432835820895053e-03 4.344193812011948359e-32
6.712328767123287680e-03 5.336930552886652096e-30
6.202531645569620174e-03 2.962458460627147917e-28
5.764705882352940888e-03 8.791333443112597238e-27
5.384615384615384394e-03 1.578675748849337093e-25
5.051546391752577067e-03 1.883002605139173151e-24
4.757281553398057770e-03 1.602432009385081763e-23
4.495412844036697150e-03 1.028710141686931561e-22
4.260869565217391582e-03 5.206571093836571058e-22
4.049586776859504661e-03 2.152366127212249741e-21
3.858267716535433711e-03 7.479000081887395189e-21
3.684210526315789391e-03 2.236369103052039160e-20
3.525179856115108305e-03 5.867629789560194331e-20
3.379310344827586143e-03 1.372934578813954228e-19
3.245033112582781671e-03 2.904244843259746093e-19
3.121019108280254604e-03 5.618688326484481263e-19
3.006134969325153714e-03 1.004009048998587365e-18
2.899408284023668320e-03 1.671151160214433600e-18
2.800000000000000405e-03 2.609995708350046766e-18
2.707182320441989167e-03 3.849106510062803403e-18
2.620320855614973604e-03 5.389808196731440748e-18
2.538860103626943386e-03 7.200771237239882134e-18
2.462311557788944821e-03 9.217708283001782665e-18
2.390243902439024345e-03 1.134840850658797475e-17
2.322274881516587629e-03 1.348215910662133271e-17
2.258064516129032473e-03 1.550176327418816559e-17
2.197309417040358998e-03 1.729602622987780629e-17
2.139737991266375469e-03 1.877074114985400340e-17
2.085106382978723586e-03 1.985673387965374574e-17
2.033195020746887943e-03 2.051422969372661997e-17
1.983805668016194387e-03 2.073350342918522197e-17
1.936758893280632636e-03 2.053233163793866074e-17
1.891891891891891867e-03 1.995111336602972506e-17
1.849056603773584695e-03 1.904665720886297320e-17
1.808118081180811907e-03 1.788558235778589692e-17
1.768953068592058007e-03 1.653810867243652550e-17
1.731448763250883517e-03 1.507277726104998565e-17
1.695501730103806054e-03 1.355240137884713858e-17
1.661016949152542338e-03 1.203133490894456668e-17
1.627906976744186111e-03 1.055398290705008345e-17
1.596091205211726304e-03 9.154372046890842255e-18
1.565495207667731833e-03 7.856544416420065746e-18
1.536050156739811844e-03 6.675526102516401270e-18
1.507692307692307760e-03 5.618640120985439240e-18
1.480362537764350452e-03 4.686969529952144196e-18
1.454005934718101065e-03 3.876820897205998901e-18
1.428571428571428570e-03 3.181083119083952973e-18
