3.540000000000000000e+02 2.060691278080639677e-02
3.550000000000000000e+02 4.635929027381280321e-02
3.560000000000000000e+02 1.207351108207603829e-01
3.570000000000000000e+02 2.080425855331213825e-01
3.580000000000000000e+02 3.062443854925049891e-01
3.590000000000000000e+02 4.044461854519454391e-01
3.600000000000000000e+02 5.223723470952563730e-01
3.610000000000000000e+02 6.538547298360981586e-01
3.620000000000000000e+02 7.946410310268561261e-01
3.630000000000000000e+02 9.354273322176709371e-01
3.640000000000000000e+02 1.076213633408485748e+00
3.650000000000000000e+02 1.219495317242717647e+00
3.660000000000000000e+02 1.398058266591789334e+00
3.670000000000000000e+02 1.584419081527983053e+00
3.680000000000000000e+02 1.770779896464176772e+00
3.690000000000000000e+02 1.957140711400370492e+00
3.700000000000000000e+02 2.143501526336592633e+00
3.710000000000000000e+02 2.329862341272786352e+00
3.720000000000000000e+02 2.516223156208980072e+00
3.730000000000000000e+02 2.706699353013334530e+00
3.740000000000000000e+02 2.926796867804029034e+00
3.750000000000000000e+02 3.158258891514776678e+00
3.760000000000000000e+02 3.389720915225524323e+00
3.770000000000000000e+02 3.621182938936271967e+00
3.780000000000000000e+02 3.852644962647019611e+00
3.790000000000000000e+02 4.084106986357767255e+00
3.800000000000000000e+02 4.315569010068514899e+00
3.810000000000000000e+02 4.547031033779262543e+00
3.820000000000000000e+02 4.811756672656201772e+00
3.830000000000000000e+02 5.087284831485021641e+00
3.840000000000000000e+02 5.362812990313784667e+00
3.850000000000000000e+02 5.638341149142604536e+00
3.860000000000000000e+02 5.913869307971424405e+00
3.870000000000000000e+02 6.189397466800187431e+00
3.880000000000000000e+02 6.464925625628978878e+00
3.890000000000000000e+02 6.740453784457798747e+00
3.900000000000000000e+02 7.016895833402656990e+00
3.910000000000000000e+02 7.320887874001215323e+00
3.920000000000000000e+02 7.624879914599802078e+00
3.930000000000000000e+02 7.928871955198331989e+00
3.940000000000000000e+02 8.232863995796918744e+00
3.950000000000000000e+02 8.540104740421810448e+00
3.960000000000000000e+02 8.858180954954747222e+00
3.970000000000000000e+02 9.176257169487740839e+00
3.980000000000000000e+02 9.494333384020649191e+00
3.990000000000000000e+02 9.812409598553585965e+00
4.000000000000000000e+02 1.015161969376018192e+01
4.010000000000000000e+02 1.049767374299466383e+01
4.020000000000000000e+02 1.084372779222908889e+01
4.030000000000000000e+02 1.118978184146351396e+01
4.040000000000000000e+02 1.153583589069799586e+01
4.050000000000000000e+02 1.188188993993244935e+01
4.060000000000000000e+02 1.222794398916687442e+01
4.070000000000000000e+02 1.257399803840129948e+01
4.080000000000000000e+02 1.292005208763578139e+01
4.090000000000000000e+02 1.326610613687020646e+01
4.100000000000000000e+02 1.363687560869286131e+01
4.110000000000000000e+02 1.401045335408002757e+01
4.120000000000000000e+02 1.439703597182196404e+01
4.130000000000000000e+02 1.478426178728756213e+01
4.140000000000000000e+02 1.517148760275321706e+01
4.150000000000000000e+02 1.555871341821881515e+01
4.160000000000000000e+02 1.594593923368447008e+01
4.170000000000000000e+02 1.633316504915006817e+01
4.180000000000000000e+02 1.672039086461572310e+01
4.190000000000000000e+02 1.710761668008132119e+01
4.200000000000000000e+02 1.751615952389121844e+01
4.210000000000000000e+02 1.793055514180534260e+01
4.220000000000000000e+02 1.834495075971940992e+01
4.230000000000000000e+02 1.875934637763353408e+01
4.240000000000000000e+02 1.917374199554760139e+01
4.250000000000000000e+02 1.958813761346172555e+01
4.260000000000000000e+02 2.000253323137579287e+01
4.270000000000000000e+02 2.041692884928986018e+01
4.280000000000000000e+02 2.083132446720398434e+01
4.290000000000000000e+02 2.124942915307588009e+01
4.300000000000000000e+02 2.169073318373591519e+01
4.310000000000000000e+02 2.213203721439589344e+01
4.320000000000000000e+02 2.257334124505592854e+01
4.330000000000000000e+02 2.301730068844625521e+01
4.340000000000000000e+02 2.347145149835029088e+01
4.350000000000000000e+02 2.392560230825432654e+01
4.360000000000000000e+02 2.438366918440416953e+01
4.370000000000000000e+02 2.486537484767117689e+01
4.380000000000000000e+02 2.534708051093824110e+01
4.390000000000000000e+02 2.582878617420524847e+01
4.400000000000000000e+02 2.631049183747225584e+01
4.410000000000000000e+02 2.679219750073926321e+01
4.420000000000000000e+02 2.727390316400627057e+01
4.430000000000000000e+02 2.775560882727327794e+01
4.440000000000000000e+02 2.823731449054034215e+01
4.450000000000000000e+02 2.873682749935269953e+01
4.460000000000000000e+02 2.924610126901418994e+01
4.470000000000000000e+02 2.975537503867568034e+01
4.480000000000000000e+02 3.026464880833717075e+01
4.490000000000000000e+02 3.077392257799866115e+01
4.500000000000000000e+02 3.128319634766015156e+01
4.510000000000000000e+02 3.179247011732169881e+01
4.520000000000000000e+02 3.230174388698318921e+01
4.530000000000000000e+02 3.281101765664467962e+01
4.540000000000000000e+02 3.332029142630617002e+01
4.550000000000000000e+02 3.385384932938202951e+01
4.560000000000000000e+02 3.439159405318275731e+01
4.570000000000000000e+02 3.492933877698351353e+01
4.580000000000000000e+02 3.546708350078424132e+01
4.590000000000000000e+02 3.600482822458496912e+01
4.600000000000000000e+02 3.654257294838566850e+01
4.610000000000000000e+02 3.708031767218639629e+01
4.620000000000000000e+02 3.762002919622727859e+01
4.630000000000000000e+02 3.817024570963889119e+01
4.640000000000000000e+02 3.874841523638332319e+01
4.650000000000000000e+02 3.932970492439267218e+01
4.660000000000000000e+02 3.991099461240210644e+01
4.670000000000000000e+02 4.049228430041145543e+01
4.680000000000000000e+02 4.107357398842088969e+01
4.690000000000000000e+02 4.165486367643023868e+01
4.700000000000000000e+02 4.223615336443961610e+01
4.710000000000000000e+02 4.281744305244902193e+01
4.720000000000000000e+02 4.339873274045837093e+01
4.730000000000000000e+02 4.398603461211564536e+01
4.740000000000000000e+02 4.460467316309262742e+01
4.750000000000000000e+02 4.522331171406963790e+01
4.760000000000000000e+02 4.584195026504661996e+01
4.770000000000000000e+02 4.646058881602365886e+01
4.780000000000000000e+02 4.707922736700061250e+01
4.790000000000000000e+02 4.769786591797759456e+01
4.800000000000000000e+02 4.835485083661029648e+01
4.810000000000000000e+02 4.902659010918645777e+01
4.820000000000000000e+02 4.969832938176267589e+01
4.830000000000000000e+02 5.037006865433883718e+01
4.840000000000000000e+02 5.104180792691505530e+01
4.850000000000000000e+02 5.171354719949121659e+01
4.860000000000000000e+02 5.238528647206743472e+01
4.870000000000000000e+02 5.305702574464359600e+01
4.880000000000000000e+02 5.372876501721975728e+01
4.890000000000000000e+02 5.440050428979597541e+01
4.900000000000000000e+02 5.507224356237213669e+01
4.910000000000000000e+02 5.574398283494835482e+01
4.920000000000000000e+02 5.641572210752451610e+01
4.930000000000000000e+02 5.708746138010070581e+01
4.940000000000000000e+02 5.775920065267686709e+01
4.950000000000000000e+02 5.843093992525302838e+01
4.960000000000000000e+02 5.910267919782924650e+01
4.970000000000000000e+02 5.977924033124160985e+01
4.980000000000000000e+02 6.053599936611327337e+01
4.990000000000000000e+02 6.129275840098486583e+01
5.000000000000000000e+02 6.204951743585652935e+01
