0.000000000000000000e+00 1.244588149944320321e+00
1.000000000000000000e+00 5.788236914668232203e-02
2.000000000000000000e+00 0.000000000000000000e+00
3.000000000000000000e+00 1.453643596032634377e+00
4.000000000000000000e+00 3.554432340548373759e+00
5.000000000000000000e+00 4.571014116983860731e+00
6.000000000000000000e+00 5.329403786920011044e+00
7.000000000000000000e+00 6.113878652919083834e+00
8.000000000000000000e+00 6.345954463933594525e+00
9.000000000000000000e+00 6.394282304681837559e+00
1.000000000000000000e+01 6.365952655556611717e+00
1.100000000000000000e+01 6.285094003425911069e+00
1.200000000000000000e+01 6.116592698497697711e+00
1.300000000000000000e+01 5.857886458048596978e+00
1.400000000000000000e+01 5.203649160685017705e+00
1.500000000000000000e+01 4.675953425932675600e+00
1.600000000000000000e+01 4.338847570819780231e+00
1.700000000000000000e+01 3.351983103319071233e+00
1.800000000000000000e+01 2.053869360941462219e+00
1.900000000000000000e+01 7.738013287307694554e-01
2.000000000000000000e+01 -6.154661910841241479e-01
2.100000000000000000e+01 -3.126258648349903524e+00
2.200000000000000000e+01 -6.727192722726613283e+00
2.300000000000000000e+01 -1.020087802968919277e+01
2.400000000000000000e+01 -1.303513975453097373e+01
2.500000000000000000e+01 -1.496734507812652737e+01
2.600000000000000000e+01 -1.521897451404947788e+01
2.700000000000000000e+01 -1.230486906762234867e+01
2.800000000000000000e+01 -8.071435116929933429e+00
2.900000000000000000e+01 -3.592535742791369557e+00
