0.000000000000000000e+00 0.000000000000000000e+00
7.822242799999999663e-02 2.900000000372529030e-01
1.564448599999999912e-01 4.900000001071020961e-01
2.618890199999999724e-01 2.000000000698491931e-01
3.673332200000000158e-01 -5.299999999115243554e-01
4.727774699999999775e-01 -1.559999999939464033e+00
5.782218099999999472e-01 -2.829999999958090484e+00
6.836662500000000309e-01 -4.289999999920837581e+00
7.891107899999999509e-01 -5.599999999976716936e+00
8.945554000000000006e-01 -5.959999999962747097e+00
1.000000000000000000e+00 -5.019999999902211130e+00
