1.000000000000000021e-02 7.682518843191918742e-50
8.969746908986667849e-03 4.307264857471634325e-42
8.131950223603282360e-03 8.188195732111385455e-36
7.437288927685269113e-03 1.256342615137028729e-30
6.851968416728565665e-03 2.818622124953784115e-26
6.352056550718838610e-03 1.408427618181023795e-22
5.920130523478574734e-03 2.129374284762600057e-19
5.543204664904335943e-03 1.223927113038880083e-16
5.211402462286822065e-03 3.181764965774847806e-14
4.917078582382579735e-03 4.279311745968056404e-12
4.654222501964866768e-03 3.309580644713965638e-10
4.418043715185143716e-03 1.601210271226030497e-08
4.204677133797694692e-03 5.186999794170657180e-07
4.010969919703468410e-03 1.189196167363934895e-05
3.834324645550953037e-03 2.019740964737426513e-04
3.672582150873591154e-03 2.639559041008635813e-03
3.523932846909215953e-03 2.740183925011899571e-02
3.386848723348198642e-03 2.321183465096688381e-01
3.260030630829413578e-03 1.641503140204036315e+00
3.142366979771882285e-03 9.882463541740575508e+00
3.032901071686195781e-03 5.150932922730061847e+01
2.930805028809614719e-03 2.358445823255582354e+02
2.835358817872359310e-03 9.606912873046608183e+02
2.745933243333450059e-03 3.520178190047678072e+03
2.661976060517610813e-03 1.171616717428118864e+04
2.583000560724717318e-03 3.572427176188700105e+04
2.508576129734244389e-03 1.005510354864069959e+05
2.438320392833368596e-03 2.630117123280978994e+05
2.371892643814405878e-03 6.431775001051361905e+05
2.308988319578953244e-03 1.478358067777678836e+06
2.249334331251950318e-03 3.209275011044820305e+06
2.192685100807926016e-03 6.608275177000013180e+06
2.138819181887197714e-03 1.295729318826058321e+07
2.087536366751510317e-03 2.427808005457170308e+07
2.038655199695973193e-03 4.360878459183359891e+07
1.992010831819343228e-03 7.530990515272127092e+07
1.947453163703690825e-03 1.253703796583225727e+08
1.904845231909667747e-03 2.016733154476580620e+08
1.864061802746112828e-03 3.141730660400708914e+08
1.824988142900431116e-03 4.749333311355672479e+08
1.787518941511592090e-03 6.979812436822388172e+08
1.751557362358528323e-03 9.989454129168759584e+08
1.717014208201538905e-03 1.394465669400466442e+09
1.683807182093424379e-03 1.901386604735476971e+09
1.651860232781692797e-03 2.535772800372119904e+09
1.621102973241525915e-03 3.311807392973483562e+09
1.591470162982004406e-03 4.240654022039755344e+09
1.562901246111907550e-03 5.329372672482073784e+09
1.535339938281963992e-03 6.579980995394238472e+09
1.508733856574652954e-03 7.988744184900379181e+09
