1.000000000000000021e-02 1.296076529526179042e-06
8.270735077805593111e-03 1.727923315530628667e-02
7.051366929359316818e-03 1.310882655337596958e+01
6.145348097774483084e-03 1.708428340180245414e+03
5.445645799746508427e-03 6.981224008656185470e+04
4.888990894376401240e-03 1.276534581829688046e+06
4.435584626119213995e-03 1.306363070807558484e+07
4.059139032194808254e-03 8.673703049780359864e+07
3.741592189402441395e-03 4.135715558829361796e+08
3.470124046451741103e-03 1.521951858541514158e+09
3.235383461291775706e-03 4.556014008587893486e+09
3.030389248968796186e-03 1.153843293357813454e+10
2.849824114539329777e-03 2.547227993037116241e+10
2.689566816272285880e-03 5.016600945977552032e+10
2.546373775163594116e-03 8.976165817745791626e+10
2.417657250282375259e-03 1.480571633834961548e+11
2.301327554942739044e-03 2.277859637713775024e+11
2.195678733899785948e-03 3.300261590040252686e+11
2.099304348201629176e-03 4.538656350277098389e+11
2.011034506101769519e-03 5.963756783637208252e+11
1.929888138998897724e-03 7.528724399692958984e+11
1.855036383397666707e-03 9.173927498159667969e+11
1.785774166201570907e-03 1.083285652114799072e+12
1.721497926472214052e-03 1.243821291314595947e+12
1.661687981261645740e-03 1.392736753933479492e+12
1.605894443998246877e-03 1.524665199069545166e+12
1.553725887576604819e-03 1.635422481704618896e+12
1.504840147644358889e-03 1.722149380908703613e+12
1.458936809097079786e-03 1.783324948722222412e+12
1.415751027010361211e-03 1.818676891673470459e+12
1.375048413455142761e-03 1.829019100423668213e+12
1.336620781683185363e-03 1.816045921153107666e+12
1.300282584519741463e-03 1.782109135100447266e+12
1.265867918348022791e-03 1.729998340595777588e+12
1.233227990600462920e-03 1.662739662674061279e+12
1.202228969200245514e-03 1.583422244777429199e+12
1.172750148394777550e-03 1.495057279416998291e+12
1.144682377975013649e-03 1.400470626431991455e+12
1.117926712786181413e-03 1.302227380089603760e+12
1.092393247309701894e-03 1.202584993298047852e+12
1.068000106387819500e-03 1.103470599014605713e+12
1.044672568217376541e-03 1.006477812803728394e+12
1.022342299821610116e-03 9.128783873370809326e+11
1.000946688522369931e-03 8.236444695827117920e+11
9.804282556373478640e-04 7.394777612749355469e+11
9.607341408405970862e-04 6.608425080772480469e+11
9.418156474459734966e-04 5.879998742380910645e+11
9.236278403779417129e-04 5.210418519063808594e+11
9.061291898423960191e-04 4.599233804447017822e+11
8.892812547495066583e-04 4.044917978886423340e+11
