1.000000000000000021e-02 7.672255984410018215e+00
8.909090909090908172e-03 4.931584364218539207e+01
8.032786885245900982e-03 2.190965562410931966e+02
7.313432835820895053e-03 7.429621963392296493e+02
6.712328767123287680e-03 2.055453556293064139e+03
6.202531645569620174e-03 4.859571193552457771e+03
5.764705882352940888e-03 1.015057494507396223e+04
5.384615384615384394e-03 1.919671991900449939e+04
5.051546391752577067e-03 3.348231633311501355e+04
4.757281553398057770e-03 5.462587378488513787e+04
4.495412844036697150e-03 8.428797954386903439e+04
4.260869565217391582e-03 1.240816361576555209e+05
4.049586776859504661e-03 1.754940864864344476e+05
3.858267716535433711e-03 2.398252211973957601e+05
3.684210526315789391e-03 3.181443486652530846e+05
3.525179856115108305e-03 4.112647224269845756e+05
3.379310344827586143e-03 5.197337506971976836e+05
3.245033112582781671e-03 6.438360868306348566e+05
3.121019108280254604e-03 7.836066089381811908e+05
3.006134969325153714e-03 9.388504485141293844e+05
2.899408284023668320e-03 1.109167569739073049e+06
2.800000000000000405e-03 1.293979824563597329e+06
2.707182320441989167e-03 1.492558843045583693e+06
2.620320855614973604e-03 1.704053522086825222e+06
2.538860103626943386e-03 1.927516227648087312e+06
2.462311557788944821e-03 2.161927118203601800e+06
2.390243902439024345e-03 2.406216231350048911e+06
2.322274881516587629e-03 2.659283156353768893e+06
2.258064516129032473e-03 2.920014250303983223e+06
2.197309417040358998e-03 3.187297452274562325e+06
2.139737991266375469e-03 3.460034815968859009e+06
2.085106382978723586e-03 3.737152923422985245e+06
2.033195020746887943e-03 4.017611366189069580e+06
1.983805668016194387e-03 4.300409490734725259e+06
1.936758893280632636e-03 4.584591605380482972e+06
1.891891891891891867e-03 4.869250839942605235e+06
1.849056603773584695e-03 5.153531838659996167e+06
1.808118081180811907e-03 5.436632453699500300e+06
1.768953068592058007e-03 5.717804591839669272e+06
1.731448763250883517e-03 5.996354351756816730e+06
1.695501730103806054e-03 6.271641574326260947e+06
1.661016949152542338e-03 6.543078913945881650e+06
1.627906976744186111e-03 6.810130525362226181e+06
1.596091205211726304e-03 7.072310447994584218e+06
1.565495207667731833e-03 7.329180758381491527e+06
1.536050156739811844e-03 7.580349551133935340e+06
1.507692307692307760e-03 7.825468799640479498e+06
1.480362537764350452e-03 8.064232139681219123e+06
1.454005934718101065e-03 8.296372611996796913e+06
1.428571428571428570e-03 8.521660393649075180e+06
