1.000000000000000021e-02 2.370955345351736285e-233
9.481399657311512241e-03 4.683667894462674780e-216
9.013936596518815417e-03 1.601583835922225032e-200
8.590402519248632393e-03 1.679356087975484555e-186
8.204883100950011859e-03 8.632094944832956812e-174
7.852480107441939250e-03 3.207864275826469749e-162
7.529102173622797753e-03 1.192315616988388683e-151
7.231305233884859768e-03 5.824938472411230755e-142
6.956169380238068356e-03 4.715288549067341202e-133
6.701202801772208374e-03 7.707009200484852595e-125
6.464266102789103380e-03 3.013888358086813671e-117
6.243512128099417031e-03 3.264880839981025971e-110
6.037337710920851960e-03 1.112592468891089988e-103
5.844344675504177349e-03 1.332604262489736334e-97
5.663308087741983528e-03 6.182470253155816907e-92
5.493150229366886191e-03 1.210170157132503026e-86
5.332919127069304932e-03 1.077829974985421205e-81
5.181770732849346785e-03 4.670369812226911840e-77
5.038954051171797704e-03 1.045012691695682972e-72
4.903798659647825957e-03 1.273378319585267902e-68
4.775704185586195256e-03 8.862209265079527139e-65
4.654131389886612298e-03 3.676649324157042633e-61
4.538594578964157827e-03 9.449751934823414165e-58
4.428655119520311274e-03 1.557964953939077048e-54
4.323915873581599643e-03 1.700378457661299770e-51
4.224016404973267302e-03 1.264157844343821749e-48
4.128628835283069780e-03 6.570831815062441641e-46
4.037454248914077934e-03 2.445121780345061739e-43
3.950219564179793634e-03 6.656554658396946941e-41
3.866674801445983863e-03 1.352319377074287680e-38
3.786590690755565862e-03 2.087796852511550387e-36
3.709756570717150006e-03 2.490770832809828244e-34
3.635978538109547152e-03 2.331824766658798330e-32
3.565077813979929296e-03 1.737535395184714525e-30
3.496889297249840614e-03 1.044082499459036717e-28
3.431260281195245253e-03 5.121063775711299397e-27
3.368049311797257847e-03 2.073399121438116831e-25
3.307125169999615248e-03 7.002023127343155008e-24
3.248365962462333376e-03 1.991504762044022300e-22
3.191658307553211626e-03 4.813515518097155534e-21
3.136896605138697960e-03 9.970216464344299972e-20
3.083982380279230284e-03 1.783612397875218484e-18
3.032823692247306382e-03 2.775987172689451910e-17
2.983334601406781826e-03 3.784566656161650038e-16
2.935434687450355542e-03 4.548488534236632069e-15
2.889048613314243539e-03 4.848034287592837361e-14
2.844105729796078588e-03 4.608353505570222581e-13
2.800539716511591705e-03 3.927282821994068284e-12
2.758288255352395711e-03 3.015447284603717406e-11
2.717292733063497116e-03 2.095770503055386286e-10
