0.000000000000000000e+00 0.000000000000000000e+00
3.474976099999999707e-02 1.900000000605359674e-01
6.949952299999999361e-02 1.020000000018626451e+00
1.042492799999999997e-01 1.420000000041909516e+00
1.389990500000000129e-01 1.510000000009313226e+00
1.734386699999999892e-01 1.430000000051222742e+00
2.078783100000000106e-01 1.250000000000000000e+00
2.423179599999999989e-01 1.020000000018626451e+00
2.767576500000000217e-01 6.000000000931322575e-01
3.111973699999999732e-01 1.199999999953433871e-01
3.456371300000000146e-01 -4.299999999348074198e-01
3.800769299999999795e-01 -1.039999999920837581e+00
4.145167699999999789e-01 -1.709999999962747097e+00
4.489566600000000074e-01 -2.419999999925494194e+00
4.833965900000000149e-01 -3.209999999962747097e+00
5.178365700000000516e-01 -4.079999999958090484e+00
5.522765899999999561e-01 -5.010000000009313226e+00
5.867166400000000115e-01 -6.019999999902211130e+00
6.211567300000000458e-01 -7.069999999948777258e+00
6.555968599999999480e-01 -8.159999999916180968e+00
6.900370200000000009e-01 -9.329999999958090484e+00
7.244772099999999826e-01 -1.054999999993015081e+01
7.589174300000000040e-01 -1.180999999993946403e+01
7.933577000000000545e-01 -1.311999999999534339e+01
8.277980000000000338e-01 -1.447999999998137355e+01
8.622383399999999920e-01 -1.588999999989755452e+01
8.966787299999999794e-01 -1.727999999991152436e+01
9.311191500000000065e-01 -1.813000000000465661e+01
9.655595799999999729e-01 -1.781999999994877726e+01
1.000000000000000000e+00 -1.636999999999534339e+01
