1.596752814732964163e-14
-2.105016134014610091e-04
-5.405593133249140007e-04
-9.488310452018529177e-04
-1.296702076416910397e-03
-1.564821829365833049e-03
-1.766315139492047976e-03
-2.003495401271378640e-03
-2.277583652545347309e-03
-2.566293117232430233e-03
-2.850777965589653892e-03
-3.184959668222107215e-03
-3.484128112735291986e-03
-3.828342553516397850e-03
-4.154974293222025300e-03
-4.513440059564709575e-03
-4.868692649193976339e-03
-5.212593229969989840e-03
-5.588959459107131766e-03
-5.960027393444890936e-03
-6.337811922097099683e-03
-6.704649398533758103e-03
-7.070988051247810956e-03
-7.491531043585675925e-03
-7.914114467263514210e-03
-8.331210432190710655e-03
-8.596942484312284499e-03
-8.593494697982193009e-03
-8.332587371452973221e-03
-7.988867706911970124e-03
