0.000000000000000000e+00 0.000000000000000000e+00
8.934514699999999976e-02 1.500000000232830644e-01
1.786902900000000016e-01 3.699999999953433871e-01
2.813540600000000169e-01 1.600000000325962901e-01
3.840178200000000097e-01 -2.999999999301508069e-01
4.866815600000000130e-01 -9.099999999161809683e-01
5.893452900000000216e-01 -1.630000000004656613e+00
6.920089999999999852e-01 -2.369999999995343387e+00
7.946726899999999594e-01 -2.890000000013969839e+00
8.973363500000000048e-01 -2.839999999967403710e+00
1.000000000000000000e+00 -2.209999999962747097e+00
