0.000000000000000000e+00 0.000000000000000000e+00
9.901099400000000494e-02 5.000000004656612873e-02
1.980219900000000088e-01 1.500000000232830644e-01
2.982692399999999910e-01 3.000000002793967724e-02
3.985164999999999957e-01 -2.600000000093132257e-01
4.987637600000000004e-01 -6.599999999161809683e-01
5.990110100000000104e-01 -1.140000000013969839e+00
6.992582600000000204e-01 -1.659999999916180968e+00
7.995054999999999801e-01 -2.099999999976716936e+00
8.997527499999999900e-01 -2.140000000013969839e+00
1.000000000000000000e+00 -1.429999999934807420e+00
