-5.099178901842878588e-04
-3.757557331662591724e-04
-8.328843635374974778e-16
1.289461882371490320e-03
3.648287888824420806e-03
6.454671895279885316e-03
9.469702432406180287e-03
1.256732796045757078e-02
1.610726858733681210e-02
1.968626609084172738e-02
2.327954477609613451e-02
2.694199610713577872e-02
3.077367324294804501e-02
3.470814881772745636e-02
3.855638746715311233e-02
4.278032559601147033e-02
4.633776644943443657e-02
4.983568605780291927e-02
5.424864933201579975e-02
5.898018658203592335e-02
6.362702062173214435e-02
6.782083133542080033e-02
7.200024436334750977e-02
7.671066618156123507e-02
8.132370459087251424e-02
8.494997193961800752e-02
8.632714427069265728e-02
8.514453458385476403e-02
8.352415551201340660e-02
8.170728193616597079e-02
