0.000000000000000000e+00 0.000000000000000000e+00
3.314254199999999706e-02 0.000000000000000000e+00
6.628508499999999359e-02 2.000000001862645149e-02
9.942763000000000295e-02 5.999999993946403265e-02
1.325701800000000097e-01 1.699999999254941940e-01
1.657127300000000025e-01 3.599999999860301614e-01
1.988552799999999954e-01 5.399999999208375812e-01
2.319978299999999882e-01 6.599999999161809683e-01
2.651403900000000036e-01 7.099999999627470970e-01
2.982829599999999859e-01 7.299999999813735485e-01
3.333680299999999819e-01 7.199999999720603228e-01
3.684531200000000228e-01 6.699999999254941940e-01
4.035382299999999978e-01 6.099999999860301614e-01
4.386233800000000072e-01 5.200000000186264515e-01
4.737085799999999902e-01 4.299999999348074198e-01
5.087938400000000527e-01 3.099999999394640326e-01
5.438791699999999674e-01 1.799999999348074198e-01
5.789646000000000514e-01 3.999999992083758116e-02
6.140501400000000221e-01 -1.099999999860301614e-01
6.491357899999999903e-01 -2.700000000186264515e-01
6.842215799999999959e-01 -4.400000000605359674e-01
7.193074999999999886e-01 -6.199999999953433871e-01
7.543935699999999578e-01 -8.100000000558793545e-01
7.894797999999999538e-01 -1.010000000009313226e+00
8.245661699999999872e-01 -1.210000000079162419e+00
8.596527000000000474e-01 -1.359999999986030161e+00
8.947393900000000233e-01 -1.369999999995343387e+00
9.298262000000000471e-01 -1.239999999990686774e+00
9.649130900000000288e-01 -1.050000000046566129e+00
1.000000000000000000e+00 -7.800000000279396772e-01
