1.000000000000000020e+30
1.047225189888435406e+30
1.096680598336869736e+30
1.148471547840291356e+30
1.202708334768514481e+30
1.259506464258361606e+30
1.318986896198674686e+30
1.381276302832015059e+30
1.446507338521641352e+30
1.514818922258341091e+30
1.586356533508586368e+30
1.661272522034289531e+30
1.739726432343799019e+30
1.821885343465165134e+30
1.907924224765265163e+30
1.998026308572550575e+30
2.092383480396978976e+30
2.191196687578151919e+30
2.294676367231940900e+30
2.403042894406974479e+30
2.516527051405399452e+30
2.635370519267403640e+30
2.759826392466168901e+30
2.890159717909499506e+30
3.026648059395683002e+30
3.169582088726108874e+30
3.319266204733183207e+30
3.476019181541973790e+30
3.640174847446137665e+30
3.812082795843887924e+30
3.992109129748053660e+30
4.180637241455761919e+30
4.378068629038175475e+30
4.584823751389105420e+30
4.801342923653464913e+30
5.028087254942495673e+30
5.265539630332776463e+30
5.514205739240279183e+30
5.774615152359802186e+30
6.047322449462630959e+30
6.332908400455101617e+30
6.631981202212662206e+30
6.945177773823689131e+30
7.273165113001453805e+30
7.616641716552892228e+30
7.976339067929281399e+30
8.353023195026787399e+30
8.747496301554433648e+30
9.160598475443728231e+30
9.593209477938269952e+30
1.004625061717344368e+31
1.052068671023618485e+31
1.101752813788382822e+31
1.153783299629657180e+31
1.208270935044773511e+31
1.265331759388940420e+31
1.325087291997951092e+31
1.387664790981307176e+31
1.453197524236895409e+31
1.521825053264387052e+31
1.593693530381776082e+31
1.668956009978026482e+31
1.747772774464684421e+31
1.830311675620616732e+31
1.916748492056820868e+31
2.007267303562576556e+31
2.102060883130166818e+31
2.201331107493023366e+31
2.305289387051701300e+31
2.414157116103012731e+31
2.528166144331495506e+31
2.647559270567064015e+31
2.772590759860481197e+31
2.903526884977813861e+31
3.040646493467068431e+31
3.184241601504656362e+31
3.334618015786369368e+31
3.492095984787278520e+31
3.657010880777500638e+31
3.829713914046292827e+31
4.010572880855479478e+31
4.199972946715289380e+31
4.398317466650210696e+31
4.606028844202388783e+31
4.823549431001457528e+31
5.051342468816755702e+31
5.289893076098145975e+31
5.539709281106400033e+31
5.801323103833378003e+31
6.075291689016077067e+31
6.362198492657495095e+31
6.662654524581162845e+31
6.977299649665552684e+31
7.306803950529522364e+31
7.651869154570848597e+31
8.013230128396919082e+31
8.391656442830127336e+31
8.787954011821292469e+31
9.202966808760391109e+31
9.637578663841068625e+31
1.009271514630577965e+32
1.056934553557995975e+32
1.106848488549402870e+32
1.159119618598895126e+32
1.213859262690618946e+32
1.271183996869019724e+32
1.331215902504299597e+32
1.394082826282570053e+32
1.459918652473971127e+32
1.528863588058723171e+32
1.601064461318311194e+32
1.676675034527693992e+32
1.755856331414463379e+32
1.838776980082323121e+32
1.925613572129194540e+32
2.016551038724744308e+32
2.111783044448242156e+32
2.211512399725488812e+32
2.315951492743154439e+32
2.425322741760355373e+32
2.539859068780728953e+32
2.659804395593763768e+32
2.785414163241774491e+32
2.916955876018804989e+32
3.054709671159980438e+32
3.198968915434550797e+32
3.350040829913150193e+32
3.508247144239809922e+32
3.673924781802096993e+32
3.847426577258529734e+32
4.029122027951376382e+32
4.219398080804989406e+32
4.418659956385977660e+32
4.627332011878655768e+32
4.845858644816461106e+32
5.074705239490434878e+32
5.314359158053208608e+32
5.565330778427617498e+32
5.828154581230816057e+32
6.103390288028596354e+32
6.391624053343979668e+32
6.693469712958639588e+32
7.009570091165603328e+32
7.340598369757196567e+32
7.687259521663719552e+32
8.050291812295972905e+32
8.430468371788966933e+32
8.828598841495150700e+32
9.245531098233579926e+32
9.682153059967096025e+32
1.013939457675293749e+33
1.061822941099386787e+33
1.111967731120702411e+33
1.164480618372690247e+33
1.219473436696743235e+33
1.277063301308649932e+33
1.337372858212503122e+33
1.400530545393228351e+33
1.466670866343977672e+33
1.535934676510907948e+33
1.608469483265342102e+33
1.684429760042328971e+33
1.763977275314030948e+33
1.847281437099620957e+33
1.934519653744032303e+33
2.025877711735004784e+33
2.121550171362439331e+33
2.221740781062873345e+33
2.326662911331448467e+33
2.436540009125456110e+33
2.551606073727176076e+33
2.672106155079427141e+33
2.798296875655110253e+33
2.930446976972138227e+33
3.068837891917639136e+33
3.213764344100275803e+33
3.365534975507094328e+33
3.524473003801587896e+33
3.690916910662782249e+33
3.865221162631269832e+33
4.047756965997330658e+33
4.238913057338791506e+33
4.439096531392184576e+33
4.648733708020275643e+33
4.868271040122303822e+33
5.098176064420450903e+33
5.338938397147383445e+33
5.591070776755327185e+33
5.855110155867279574e+33
6.131618844795819237e+33
6.421185709064811177e+33
6.724427423484193979e+33
7.041989785449237907e+33
7.374549090259500945e+33
7.722813571388595473e+33
8.087524908770408086e+33
8.469459808314541644e+33
8.869431656014668410e+33
9.288292250172460619e+33
9.726933615426138300e+33
1.018628990244684373e+34
1.066733937734854901e+34
1.117110650504821923e+34
1.169866413101305721e+34
1.225113576604117822e+34
1.282969797894147480e+34
1.343558290220826308e+34
1.407008085602686457e+34
1.473454309619837350e+34
1.543038469183567759e+34
1.615908753895922499e+34
1.692220351641042475e+34
1.772135779080365762e+34
1.855825227755526368e+34
1.943466926536030256e+34
2.035247521183588170e+34
2.131362471841450590e+34
2.232016469295248384e+34
2.337423870891793276e+34
2.447809157044460155e+34
2.563407409296494046e+34
2.684464810961987200e+34
2.811239171408444123e+34
2.944000475100015494e+34
3.083031456568258063e+34
3.228628202536713966e+34
3.381100782480668263e+34
3.540773908965255299e+34
3.707987629168157177e+34
3.883098049059592900e+34
4.066478091781845605e+34
4.258518291843405832e+34
4.459627626819086480e+34
4.670234388327330797e+34
4.890787094139590213e+34
5.121755443364240947e+34
5.363631316739245762e+34
5.616929824163815330e+34
5.882190401699967705e+34
6.159977960380181185e+34
6.450884089267712859e+34
6.755528315331666804e+34
7.074559422819907459e+34
7.408656834939597646e+34
7.758532060787875163e+34
8.124930210614096941e+34
8.508631582640634702e+34
8.910453324821431368e+34
9.331251175078315725e+34
9.771921283717916116e+34
1.023340212191650719e+35
1.071667648032855633e+35
1.122277356208500168e+35
1.175277117462938036e+35
1.230779802506658277e+35
1.288903612390886246e+35
1.349772330233936249e+35
1.413515584835389830e+35
1.480269126739504056e+35
1.550175117335765591e+35
1.623382431612274829e+35
1.700046975206714542e+35
1.780332016430112180e+35
1.864408533970485156e+35
1.952455581016860902e+35
2.044660666579117848e+35
2.141220154815731655e+35
2.242339683219849647e+35
2.348234600554281208e+35
2.459130425468051612e+35
2.575263326771209084e+35
2.696880626390703539e+35
2.824241326078447216e+35
2.957616658993268645e+35
3.097290667331425755e+35
3.243560807235831332e+35
3.396738582272230642e+35
3.557150206821411719e+35
3.725137300800179289e+35
3.901057617191025540e+35
4.085285803928531909e+35
4.278214201767586973e+35
4.480253679829462077e+35
4.691834510607770247e+35
4.913407286296336784e+35
5.145443878390903816e+35
5.388438442608201345e+35
5.642908471262519216e+35
5.909395895340952416e+35
6.188468238624369801e+35
6.480719826311957793e+35
6.786773050723288526e+35
7.107279696773411180e+35
7.442922330043758118e+35
7.794415750404951405e+35
8.162508514287237126e+35
8.547984528840422586e+35
8.951664721378320100e+35
9.374408787663019520e+35
9.817117022752224256e+35
1.028073223830868890e+36
1.076624177045497773e+36
1.127467958244951853e+36
1.180712846666196383e+36
1.236472235053722552e+36
1.294864871145912816e+36
1.356015110565642965e+36
1.420053181653670072e+36
1.487115462808965899e+36
1.557344772926122313e+36
1.630890675549320986e+36
1.707909797389416317e+36
1.788566161883450938e+36
1.873031538506427123e+36
1.961485808579421461e+36
2.054117348353055872e+36
2.151123430182158348e+36
2.252710642645973333e+36
2.359095330508628973e+36
2.470504055456820360e+36
2.587174078595918542e+36
2.709353865732048547e+36
2.837303616516211179e+36
2.971295818577333882e+36
3.111615827824362704e+36
3.258562476153229796e+36
3.412448707852896703e+36
3.573602246065795876e+36
3.742366290721992404e+36
3.919100249433417822e+36
4.104180502904725861e+36
4.298001206490815918e+36
4.500975129608069423e+36
4.713534534786936180e+36
4.936132098237947211e+36
5.169241873891635692e+36
5.413360302965331571e+36
5.669007271207480585e+36
5.936727216069077247e+36
6.217090286163782283e+36
6.510693555481414374e+36
6.818162294944437405e+36
7.140151304013358647e+36
7.477346305177549722e+36
7.830465404301150511e+36
8.200260619934096783e+36
8.587519484845143672e+36
8.993066723187595303e+36
9.417766006869500097e+36
9.862521794868763663e+36
1.032828125941027483e+37
1.081603630310709307e+37
1.132682567136153724e+37
1.186173716452479176e+37
1.242190995452618691e+37
1.300853701090573355e+37
1.362286764141649633e+37
1.426621015260741200e+37
1.493993463605262282e+37
1.564547588616102105e+37
1.638433645577991394e+37
1.715808985610013577e+37
1.796838390767730299e+37
1.881694424970567136e+37
1.970557801501812518e+37
2.063617767863839778e+37
2.161072508808394354e+37
2.263129568399511363e+37
2.370006292009311175e+37
2.481930289186237623e+37
2.599139918382917208e+37
2.721884794575162817e+37
2.850426320853420145e+37
2.985038245118717161e+37
3.126007243068690808e+37
3.273633528715234124e+37
3.428231493733960231e+37
3.590130377007060893e+37
3.759674965785459797e+37
3.937226329963475210e+37
4.123162591029747931e+37
4.317879727332021385e+37
4.521792417370701703e+37
4.735334922917120866e+37
4.958962013837221704e+37
5.193149936590222635e+37
5.438397428464812821e+37
5.695226779712842857e+37
5.964184945842483912e+37
6.245844712439643475e+37
6.540805914998286410e+37
6.849696716357481432e+37
7.173174944465656516e+37
7.511929493321015036e+37
7.866681790071509171e+37
8.238187331399668646e+37
8.627237292461379818e+37
9.034660211810460833e+37
9.461323755890701334e+37
9.908136566858604511e+37
1.037605019766905350e+38
1.086606113854591322e+38
1.137921293915309281e+38
1.191659843098553967e+38
1.247936205471306230e+38
1.306870229743342318e+38
1.368587424502514887e+38
1.433219225503570908e+38
1.500903275579733533e+38
1.571783717773161128e+38
1.646011502308549701e+38
1.723744708063619934e+38
1.805148879221109906e+38
1.890397377819223395e+38
1.979671752951336758e+38
2.073162127401235371e+38
2.171067602537271472e+38
2.273596682327724275e+38
2.380967717380367994e+38
2.493409369951890705e+38
2.611161100917473009e+38
2.734473679737551763e+38
2.863609718508133400e+38
2.998844231231000292e+38
3.140465219496774722e+38
3.288774285825483272e+38
3.444087275973852004e+38
3.606734951574001901e+38
3.777063694539341575e+38
3.955436244734677625e+38
4.142232472483872340e+38
4.337850187558966471e+38
4.542705986374024348e+38
4.757236139187869721e+38
4.981897519205144793e+38
5.217168575554332980e+38
5.463550352214864687e+38
5.721567555063240286e+38
5.991769669310613087e+38
6.274732129711574834e+38
6.571057546036271005e+38
6.881376986415669684e+38
7.206351321293060039e+38
7.546672630843901697e+38
7.903065678861363911e+38
8.276289456246369488e+38
8.667138797389260356e+38
9.076446072885393779e+38
9.505082962189549989e+38
9.953962309984285050e+38
1.042404007021545115e+39
1.091631734193621387e+39
1.143184250129138631e+39
1.197171343418975396e+39
1.253707987440909443e+39
1.312914585212476123e+39
1.374917225806409161e+39
1.439847952876021331e+39
1.507845045861041905e+39
1.579053314474166274e+39
1.653624407094172124e+39
1.731717133723345779e+39
1.813497804196487896e+39
1.899140582361927626e+39
1.988827856988803740e+39
2.082750630190510028e+39
2.181108924191515508e+39
2.284112207303820954e+39
2.391979840020237262e+39
2.504941542174502457e+39
2.623237882163123769e+39
2.747120789270814265e+39
2.876854090190597421e+39
3.012714070881170196e+39
3.154990064958094884e+39
3.303985069871868345e+39
3.460016392185123144e+39
3.623416323323164392e+39
3.794532847236957873e+39
3.973730381485628469e+39
4.161390553316732426e+39
4.357913012396985435e+39
4.563716281924791530e+39
4.779238649935555745e+39
5.004939102700994115e+39
5.241298302206018686e+39
5.488819609789722505e+39
5.748030158125315498e+39
6.019481973827236995e+39
6.303753153071242500e+39
6.601449092734856021e+39
6.913203779678098872e+39
7.239681140910847378e+39
7.581576457522087570e+39
7.939617845382259278e+39
8.314567805772046914e+39
8.707224849239904195e+39
9.118425196146562385e+39
9.549044557518078157e+39
1.000000000000000030e+40
